kinematics:
  shoulder:
    x: 0
    y: 0
    z: 0.1626901603726876
    roll: -0
    pitch: 0
    yaw: -9.421580002277885e-09
  upper_arm:
    x: 8.548676408669859e-05
    y: 0
    z: 0
    roll: 1.568747623728074
    pitch: 0
    yaw: 7.390947238973422e-06
  forearm:
    x: -0.4259337490994865
    y: 0
    z: 0
    roll: 3.138819217032001
    pitch: 3.137427119090652
    yaw: 3.141570831477791
  wrist_1:
    x: -0.3925953003362129
    y: -0.0009626390983681124
    z: 0.1346191509144254
    roll: 0.00715071135374639
    pitch: -0.0003696239165375934
    yaw: 2.688429994994831e-05
  wrist_2:
    x: 6.357880860236938e-05
    y: -0.09960281064122116
    z: 6.063186977949473e-05
    roll: 1.570187590335555
    pitch: 0
    yaw: 6.825449735980082e-06
  wrist_3:
    x: 8.104307791288964e-05
    y: 0.0996673481152357
    z: -4.048628072593098e-05
    roll: 1.570390112731167
    pitch: 3.141592653589793
    yaw: -3.141592554350438
  hash: calib_543222980740951658